areaType,areaName,areaCode,date,newCasesBySpecimenDate,cumCasesBySpecimenDate
overview,United Kingdom,K02000001,2021-03-16,5112,4278759
overview,United Kingdom,K02000001,2021-03-15,6489,4273647
overview,United Kingdom,K02000001,2021-03-14,4325,4267158
overview,United Kingdom,K02000001,2021-03-13,4248,4262833
overview,United Kingdom,K02000001,2021-03-12,5683,4258585
overview,United Kingdom,K02000001,2021-03-11,5894,4252902
overview,United Kingdom,K02000001,2021-03-10,6163,4247008
overview,United Kingdom,K02000001,2021-03-09,6343,4240845
overview,United Kingdom,K02000001,2021-03-08,6843,4234502
overview,United Kingdom,K02000001,2021-03-07,4334,4227659
overview,United Kingdom,K02000001,2021-03-06,4520,4223325
overview,United Kingdom,K02000001,2021-03-05,5406,4218805
overview,United Kingdom,K02000001,2021-03-04,5792,4213399
overview,United Kingdom,K02000001,2021-03-03,6018,4207607
overview,United Kingdom,K02000001,2021-03-02,6675,4201589
overview,United Kingdom,K02000001,2021-03-01,6940,4194914
overview,United Kingdom,K02000001,2021-02-28,4749,4187974
overview,United Kingdom,K02000001,2021-02-27,4838,4183225
overview,United Kingdom,K02000001,2021-02-26,6605,4178387
overview,United Kingdom,K02000001,2021-02-25,7763,4171782
overview,United Kingdom,K02000001,2021-02-24,8570,4164019
overview,United Kingdom,K02000001,2021-02-23,9442,4155449
overview,United Kingdom,K02000001,2021-02-22,11332,4146007
overview,United Kingdom,K02000001,2021-02-21,7909,4134675
overview,United Kingdom,K02000001,2021-02-20,8077,4126766
overview,United Kingdom,K02000001,2021-02-19,10428,4118689
overview,United Kingdom,K02000001,2021-02-18,11430,4108261
overview,United Kingdom,K02000001,2021-02-17,11594,4096831
overview,United Kingdom,K02000001,2021-02-16,12509,4085237
overview,United Kingdom,K02000001,2021-02-15,14317,4072728
overview,United Kingdom,K02000001,2021-02-14,8784,4058411
overview,United Kingdom,K02000001,2021-02-13,8782,4049627
overview,United Kingdom,K02000001,2021-02-12,12192,4040845
overview,United Kingdom,K02000001,2021-02-11,12779,4028653
overview,United Kingdom,K02000001,2021-02-10,13537,4015874
overview,United Kingdom,K02000001,2021-02-09,13854,4002337
overview,United Kingdom,K02000001,2021-02-08,15791,3988483
overview,United Kingdom,K02000001,2021-02-07,11419,3972692
overview,United Kingdom,K02000001,2021-02-06,11978,3961273
overview,United Kingdom,K02000001,2021-02-05,15908,3949295
overview,United Kingdom,K02000001,2021-02-04,18031,3933387
overview,United Kingdom,K02000001,2021-02-03,19466,3915356
overview,United Kingdom,K02000001,2021-02-02,19826,3895890
overview,United Kingdom,K02000001,2021-02-01,22422,3876064
overview,United Kingdom,K02000001,2021-01-31,15443,3853642
overview,United Kingdom,K02000001,2021-01-30,16690,3838199
overview,United Kingdom,K02000001,2021-01-29,21824,3821509
overview,United Kingdom,K02000001,2021-01-28,24209,3799685
overview,United Kingdom,K02000001,2021-01-27,25752,3775476
overview,United Kingdom,K02000001,2021-01-26,27041,3749724
overview,United Kingdom,K02000001,2021-01-25,29988,3722683
overview,United Kingdom,K02000001,2021-01-24,17197,3692695
overview,United Kingdom,K02000001,2021-01-23,21861,3675498
overview,United Kingdom,K02000001,2021-01-22,29605,3653637
overview,United Kingdom,K02000001,2021-01-21,31717,3624032
overview,United Kingdom,K02000001,2021-01-20,35160,3592315
overview,United Kingdom,K02000001,2021-01-19,39545,3557155
overview,United Kingdom,K02000001,2021-01-18,44847,3517610
overview,United Kingdom,K02000001,2021-01-17,28878,3472763
overview,United Kingdom,K02000001,2021-01-16,30554,3443885
overview,United Kingdom,K02000001,2021-01-15,40444,3413331
overview,United Kingdom,K02000001,2021-01-14,42428,3372887
overview,United Kingdom,K02000001,2021-01-13,45446,3330459
overview,United Kingdom,K02000001,2021-01-12,49444,3285013
overview,United Kingdom,K02000001,2021-01-11,57208,3235569
overview,United Kingdom,K02000001,2021-01-10,36363,3178361
overview,United Kingdom,K02000001,2021-01-09,39104,3141998
overview,United Kingdom,K02000001,2021-01-08,47071,3102894
overview,United Kingdom,K02000001,2021-01-07,51985,3055823
overview,United Kingdom,K02000001,2021-01-06,57447,3003838
overview,United Kingdom,K02000001,2021-01-05,65168,2946391
overview,United Kingdom,K02000001,2021-01-04,76200,2881223
overview,United Kingdom,K02000001,2021-01-03,55207,2805023
overview,United Kingdom,K02000001,2021-01-02,60450,2749816
overview,United Kingdom,K02000001,2021-01-01,31851,2689366
overview,United Kingdom,K02000001,2020-12-31,52829,2657515
overview,United Kingdom,K02000001,2020-12-30,70827,2604686
overview,United Kingdom,K02000001,2020-12-29,81564,2533859
overview,United Kingdom,K02000001,2020-12-28,45621,2452295
overview,United Kingdom,K02000001,2020-12-27,47765,2406674
overview,United Kingdom,K02000001,2020-12-26,40368,2358909
overview,United Kingdom,K02000001,2020-12-25,14180,2318541
overview,United Kingdom,K02000001,2020-12-24,31849,2304361
overview,United Kingdom,K02000001,2020-12-23,42282,2272512
overview,United Kingdom,K02000001,2020-12-22,45698,2230230
overview,United Kingdom,K02000001,2020-12-21,47411,2184532
overview,United Kingdom,K02000001,2020-12-20,32483,2137121
overview,United Kingdom,K02000001,2020-12-19,25166,2104638
overview,United Kingdom,K02000001,2020-12-18,35849,2079472
overview,United Kingdom,K02000001,2020-12-17,33896,2043623
overview,United Kingdom,K02000001,2020-12-16,34945,2009727
overview,United Kingdom,K02000001,2020-12-15,33881,1974782
overview,United Kingdom,K02000001,2020-12-14,34747,1940901
overview,United Kingdom,K02000001,2020-12-13,21989,1906154
overview,United Kingdom,K02000001,2020-12-12,19362,1884165
overview,United Kingdom,K02000001,2020-12-11,24096,1864803
overview,United Kingdom,K02000001,2020-12-10,22634,1840707
overview,United Kingdom,K02000001,2020-12-09,21650,1818073
overview,United Kingdom,K02000001,2020-12-08,20800,1796423
overview,United Kingdom,K02000001,2020-12-07,21358,1775623
overview,United Kingdom,K02000001,2020-12-06,13612,1754265
overview,United Kingdom,K02000001,2020-12-05,12795,1740653
overview,United Kingdom,K02000001,2020-12-04,15705,1727858
overview,United Kingdom,K02000001,2020-12-03,15660,1712153
overview,United Kingdom,K02000001,2020-12-02,16470,1696493
overview,United Kingdom,K02000001,2020-12-01,16461,1680023
overview,United Kingdom,K02000001,2020-11-30,18034,1663562
overview,United Kingdom,K02000001,2020-11-29,10688,1645528
overview,United Kingdom,K02000001,2020-11-28,10961,1634840
overview,United Kingdom,K02000001,2020-11-27,14385,1623879
overview,United Kingdom,K02000001,2020-11-26,14568,1609494
overview,United Kingdom,K02000001,2020-11-25,16610,1594926
overview,United Kingdom,K02000001,2020-11-24,16456,1578316
overview,United Kingdom,K02000001,2020-11-23,18772,1561860
overview,United Kingdom,K02000001,2020-11-22,11737,1543088
overview,United Kingdom,K02000001,2020-11-21,12356,1531351
overview,United Kingdom,K02000001,2020-11-20,16858,1518995
overview,United Kingdom,K02000001,2020-11-19,17761,1502137
overview,United Kingdom,K02000001,2020-11-18,20774,1484376
overview,United Kingdom,K02000001,2020-11-17,23184,1463602
overview,United Kingdom,K02000001,2020-11-16,26577,1440418
overview,United Kingdom,K02000001,2020-11-15,16042,1413841
overview,United Kingdom,K02000001,2020-11-14,18005,1397799
overview,United Kingdom,K02000001,2020-11-13,24055,1379794
overview,United Kingdom,K02000001,2020-11-12,24481,1355739
overview,United Kingdom,K02000001,2020-11-11,27362,1331258
overview,United Kingdom,K02000001,2020-11-10,27437,1303896
overview,United Kingdom,K02000001,2020-11-09,31054,1276459
overview,United Kingdom,K02000001,2020-11-08,19963,1245405
overview,United Kingdom,K02000001,2020-11-07,18533,1225442
overview,United Kingdom,K02000001,2020-11-06,23334,1206909
overview,United Kingdom,K02000001,2020-11-05,23745,1183575
overview,United Kingdom,K02000001,2020-11-04,23688,1159830
overview,United Kingdom,K02000001,2020-11-03,25598,1136142
overview,United Kingdom,K02000001,2020-11-02,31519,1110544
overview,United Kingdom,K02000001,2020-11-01,15760,1079025
overview,United Kingdom,K02000001,2020-10-31,16496,1063265
overview,United Kingdom,K02000001,2020-10-30,22688,1046769
overview,United Kingdom,K02000001,2020-10-29,23359,1024081
overview,United Kingdom,K02000001,2020-10-28,23620,1000722
overview,United Kingdom,K02000001,2020-10-27,24104,977102
overview,United Kingdom,K02000001,2020-10-26,26561,952998
overview,United Kingdom,K02000001,2020-10-25,15728,926437
overview,United Kingdom,K02000001,2020-10-24,16242,910709
overview,United Kingdom,K02000001,2020-10-23,21482,894467
overview,United Kingdom,K02000001,2020-10-22,23261,872985
overview,United Kingdom,K02000001,2020-10-21,25466,849724
overview,United Kingdom,K02000001,2020-10-20,25328,824258
overview,United Kingdom,K02000001,2020-10-19,25626,798930
overview,United Kingdom,K02000001,2020-10-18,14193,773304
overview,United Kingdom,K02000001,2020-10-17,14774,759111
overview,United Kingdom,K02000001,2020-10-16,17732,744337
overview,United Kingdom,K02000001,2020-10-15,18444,726605
overview,United Kingdom,K02000001,2020-10-14,19709,708161
overview,United Kingdom,K02000001,2020-10-13,18909,688452
overview,United Kingdom,K02000001,2020-10-12,19451,669543
overview,United Kingdom,K02000001,2020-10-11,12075,650092
overview,United Kingdom,K02000001,2020-10-10,12517,638017
overview,United Kingdom,K02000001,2020-10-09,15731,625500
overview,United Kingdom,K02000001,2020-10-08,18253,609769
overview,United Kingdom,K02000001,2020-10-07,18341,591516
overview,United Kingdom,K02000001,2020-10-06,17063,573175
overview,United Kingdom,K02000001,2020-10-05,16557,556112
overview,United Kingdom,K02000001,2020-10-04,11805,539555
overview,United Kingdom,K02000001,2020-10-03,11548,527750
overview,United Kingdom,K02000001,2020-10-02,13695,516202
overview,United Kingdom,K02000001,2020-10-01,13196,502507
overview,United Kingdom,K02000001,2020-09-30,12559,489311
overview,United Kingdom,K02000001,2020-09-29,10243,476752
overview,United Kingdom,K02000001,2020-09-28,9932,466509
overview,United Kingdom,K02000001,2020-09-27,6974,456577
overview,United Kingdom,K02000001,2020-09-26,6765,449603
overview,United Kingdom,K02000001,2020-09-25,7250,442838
overview,United Kingdom,K02000001,2020-09-24,7606,435588
overview,United Kingdom,K02000001,2020-09-23,7061,427982
overview,United Kingdom,K02000001,2020-09-22,6410,420921
overview,United Kingdom,K02000001,2020-09-21,5603,414511
overview,United Kingdom,K02000001,2020-09-20,5326,408908
overview,United Kingdom,K02000001,2020-09-19,4858,403582
overview,United Kingdom,K02000001,2020-09-18,4956,398724
overview,United Kingdom,K02000001,2020-09-17,4636,393768
overview,United Kingdom,K02000001,2020-09-16,4367,389132
overview,United Kingdom,K02000001,2020-09-15,3552,384765
overview,United Kingdom,K02000001,2020-09-14,3398,381213
overview,United Kingdom,K02000001,2020-09-13,2144,377815
overview,United Kingdom,K02000001,2020-09-12,2673,375671
overview,United Kingdom,K02000001,2020-09-11,3288,372998
overview,United Kingdom,K02000001,2020-09-10,3600,369710
overview,United Kingdom,K02000001,2020-09-09,3331,366110
overview,United Kingdom,K02000001,2020-09-08,3306,362779
overview,United Kingdom,K02000001,2020-09-07,3863,359473
overview,United Kingdom,K02000001,2020-09-06,2450,355610
overview,United Kingdom,K02000001,2020-09-05,2545,353160
overview,United Kingdom,K02000001,2020-09-04,3040,350615
overview,United Kingdom,K02000001,2020-09-03,3100,347575
overview,United Kingdom,K02000001,2020-09-02,2993,344475
overview,United Kingdom,K02000001,2020-09-01,2248,341482
overview,United Kingdom,K02000001,2020-08-31,1500,339234
overview,United Kingdom,K02000001,2020-08-30,1161,337734
overview,United Kingdom,K02000001,2020-08-29,1221,336573
overview,United Kingdom,K02000001,2020-08-28,1624,335352
overview,United Kingdom,K02000001,2020-08-27,1549,333728
overview,United Kingdom,K02000001,2020-08-26,1349,332179
overview,United Kingdom,K02000001,2020-08-25,1246,330830
overview,United Kingdom,K02000001,2020-08-24,1271,329584
overview,United Kingdom,K02000001,2020-08-23,825,328313
overview,United Kingdom,K02000001,2020-08-22,826,327488
overview,United Kingdom,K02000001,2020-08-21,1199,326662
overview,United Kingdom,K02000001,2020-08-20,1463,325463
overview,United Kingdom,K02000001,2020-08-19,1240,324000
overview,United Kingdom,K02000001,2020-08-18,1084,322760
overview,United Kingdom,K02000001,2020-08-17,1283,321676
overview,United Kingdom,K02000001,2020-08-16,599,320393
overview,United Kingdom,K02000001,2020-08-15,695,319794
overview,United Kingdom,K02000001,2020-08-14,1160,319099
overview,United Kingdom,K02000001,2020-08-13,1144,317939
overview,United Kingdom,K02000001,2020-08-12,1206,316795
overview,United Kingdom,K02000001,2020-08-11,1339,315589
overview,United Kingdom,K02000001,2020-08-10,1473,314250
overview,United Kingdom,K02000001,2020-08-09,616,312777
overview,United Kingdom,K02000001,2020-08-08,695,312161
overview,United Kingdom,K02000001,2020-08-07,943,311466
overview,United Kingdom,K02000001,2020-08-06,1082,310523
overview,United Kingdom,K02000001,2020-08-05,1059,309441
overview,United Kingdom,K02000001,2020-08-04,1017,308382
overview,United Kingdom,K02000001,2020-08-03,1039,307365
overview,United Kingdom,K02000001,2020-08-02,554,306326
overview,United Kingdom,K02000001,2020-08-01,542,305772
overview,United Kingdom,K02000001,2020-07-31,675,305230
overview,United Kingdom,K02000001,2020-07-30,922,304555
overview,United Kingdom,K02000001,2020-07-29,1038,303633
overview,United Kingdom,K02000001,2020-07-28,843,302595
overview,United Kingdom,K02000001,2020-07-27,858,301752
overview,United Kingdom,K02000001,2020-07-26,558,300894
overview,United Kingdom,K02000001,2020-07-25,523,300336
overview,United Kingdom,K02000001,2020-07-24,767,299813
overview,United Kingdom,K02000001,2020-07-23,798,299046
overview,United Kingdom,K02000001,2020-07-22,798,298248
overview,United Kingdom,K02000001,2020-07-21,782,297450
overview,United Kingdom,K02000001,2020-07-20,813,296668
overview,United Kingdom,K02000001,2020-07-19,443,295855
overview,United Kingdom,K02000001,2020-07-18,498,295412
overview,United Kingdom,K02000001,2020-07-17,579,294914
overview,United Kingdom,K02000001,2020-07-16,705,294335
overview,United Kingdom,K02000001,2020-07-15,773,293630
overview,United Kingdom,K02000001,2020-07-14,691,292857
overview,United Kingdom,K02000001,2020-07-13,734,292166
overview,United Kingdom,K02000001,2020-07-12,369,291432
overview,United Kingdom,K02000001,2020-07-11,446,291063
overview,United Kingdom,K02000001,2020-07-10,564,290617
overview,United Kingdom,K02000001,2020-07-09,716,290053
overview,United Kingdom,K02000001,2020-07-08,704,289337
overview,United Kingdom,K02000001,2020-07-07,604,288633
overview,United Kingdom,K02000001,2020-07-06,707,288029
overview,United Kingdom,K02000001,2020-07-05,555,287322
overview,United Kingdom,K02000001,2020-07-04,397,286767
overview,United Kingdom,K02000001,2020-07-03,570,286370
overview,United Kingdom,K02000001,2020-07-02,603,285800
overview,United Kingdom,K02000001,2020-07-01,647,285197
overview,United Kingdom,K02000001,2020-06-30,617,284550
overview,United Kingdom,K02000001,2020-06-29,726,283933
overview,United Kingdom,K02000001,2020-06-28,447,283207
overview,United Kingdom,K02000001,2020-06-27,651,282760
overview,United Kingdom,K02000001,2020-06-26,670,282109
overview,United Kingdom,K02000001,2020-06-25,721,281439
overview,United Kingdom,K02000001,2020-06-24,777,280718
overview,United Kingdom,K02000001,2020-06-23,888,279941
overview,United Kingdom,K02000001,2020-06-22,893,279053
overview,United Kingdom,K02000001,2020-06-21,639,278160
overview,United Kingdom,K02000001,2020-06-20,684,277521
overview,United Kingdom,K02000001,2020-06-19,984,276837
overview,United Kingdom,K02000001,2020-06-18,1028,275853
overview,United Kingdom,K02000001,2020-06-17,1013,274825
overview,United Kingdom,K02000001,2020-06-16,1103,273812
overview,United Kingdom,K02000001,2020-06-15,1047,272709
overview,United Kingdom,K02000001,2020-06-14,820,271662
overview,United Kingdom,K02000001,2020-06-13,887,270842
overview,United Kingdom,K02000001,2020-06-12,1053,269955
overview,United Kingdom,K02000001,2020-06-11,1014,268902
overview,United Kingdom,K02000001,2020-06-10,1195,267888
overview,United Kingdom,K02000001,2020-06-09,1158,266693
overview,United Kingdom,K02000001,2020-06-08,1094,265535
overview,United Kingdom,K02000001,2020-06-07,719,264441
overview,United Kingdom,K02000001,2020-06-06,806,263722
overview,United Kingdom,K02000001,2020-06-05,1121,262916
overview,United Kingdom,K02000001,2020-06-04,1251,261795
overview,United Kingdom,K02000001,2020-06-03,1361,260544
overview,United Kingdom,K02000001,2020-06-02,1488,259183
overview,United Kingdom,K02000001,2020-06-01,1440,257695
overview,United Kingdom,K02000001,2020-05-31,1081,256255
overview,United Kingdom,K02000001,2020-05-30,1121,255174
overview,United Kingdom,K02000001,2020-05-29,1527,254053
overview,United Kingdom,K02000001,2020-05-28,1759,252526
overview,United Kingdom,K02000001,2020-05-27,1828,250767
overview,United Kingdom,K02000001,2020-05-26,1662,248939
overview,United Kingdom,K02000001,2020-05-25,1621,247277
overview,United Kingdom,K02000001,2020-05-24,1364,245656
overview,United Kingdom,K02000001,2020-05-23,1528,244292
overview,United Kingdom,K02000001,2020-05-22,2056,242764
overview,United Kingdom,K02000001,2020-05-21,2576,240708
overview,United Kingdom,K02000001,2020-05-20,2707,238132
overview,United Kingdom,K02000001,2020-05-19,3057,235425
overview,United Kingdom,K02000001,2020-05-18,2584,232368
overview,United Kingdom,K02000001,2020-05-17,1835,229784
overview,United Kingdom,K02000001,2020-05-16,2082,227949
overview,United Kingdom,K02000001,2020-05-15,2529,225867
overview,United Kingdom,K02000001,2020-05-14,2630,223338
overview,United Kingdom,K02000001,2020-05-13,3312,220708
overview,United Kingdom,K02000001,2020-05-12,3392,217396
overview,United Kingdom,K02000001,2020-05-11,3576,214004
overview,United Kingdom,K02000001,2020-05-10,2323,210428
overview,United Kingdom,K02000001,2020-05-09,2163,208105
overview,United Kingdom,K02000001,2020-05-08,3063,205942
overview,United Kingdom,K02000001,2020-05-07,3765,202879
overview,United Kingdom,K02000001,2020-05-06,3822,199114
overview,United Kingdom,K02000001,2020-05-05,3674,195292
overview,United Kingdom,K02000001,2020-05-04,3381,191618
overview,United Kingdom,K02000001,2020-05-03,2976,188237
overview,United Kingdom,K02000001,2020-05-02,3234,185261
overview,United Kingdom,K02000001,2020-05-01,4733,182027
overview,United Kingdom,K02000001,2020-04-30,4959,177294
overview,United Kingdom,K02000001,2020-04-29,5430,172335
overview,United Kingdom,K02000001,2020-04-28,4725,166905
overview,United Kingdom,K02000001,2020-04-27,4701,162180
overview,United Kingdom,K02000001,2020-04-26,3473,157479
overview,United Kingdom,K02000001,2020-04-25,3746,154006
overview,United Kingdom,K02000001,2020-04-24,4950,150260
overview,United Kingdom,K02000001,2020-04-23,5148,145310
overview,United Kingdom,K02000001,2020-04-22,5492,140162
overview,United Kingdom,K02000001,2020-04-21,4765,134670
overview,United Kingdom,K02000001,2020-04-20,4848,129905
overview,United Kingdom,K02000001,2020-04-19,3854,125057
overview,United Kingdom,K02000001,2020-04-18,4710,121203
overview,United Kingdom,K02000001,2020-04-17,4943,116493
overview,United Kingdom,K02000001,2020-04-16,5272,111550
overview,United Kingdom,K02000001,2020-04-15,5045,106278
overview,United Kingdom,K02000001,2020-04-14,4304,101233
overview,United Kingdom,K02000001,2020-04-13,4166,96929
overview,United Kingdom,K02000001,2020-04-12,3483,92763
overview,United Kingdom,K02000001,2020-04-11,3566,89280
overview,United Kingdom,K02000001,2020-04-10,4308,85714
overview,United Kingdom,K02000001,2020-04-09,4853,81406
overview,United Kingdom,K02000001,2020-04-08,5119,76553
overview,United Kingdom,K02000001,2020-04-07,5436,71434
overview,United Kingdom,K02000001,2020-04-06,5279,65998
overview,United Kingdom,K02000001,2020-04-05,3586,60719
overview,United Kingdom,K02000001,2020-04-04,4005,57133
overview,United Kingdom,K02000001,2020-04-03,4885,53128
overview,United Kingdom,K02000001,2020-04-02,4865,48243
overview,United Kingdom,K02000001,2020-04-01,4944,43378
overview,United Kingdom,K02000001,2020-03-31,4506,38434
overview,United Kingdom,K02000001,2020-03-30,4267,33928
overview,United Kingdom,K02000001,2020-03-29,2856,29661
overview,United Kingdom,K02000001,2020-03-28,2819,26805
overview,United Kingdom,K02000001,2020-03-27,3189,23986
overview,United Kingdom,K02000001,2020-03-26,3091,20797
overview,United Kingdom,K02000001,2020-03-25,2691,17706
overview,United Kingdom,K02000001,2020-03-24,2377,15015
overview,United Kingdom,K02000001,2020-03-23,2328,12638
overview,United Kingdom,K02000001,2020-03-22,1375,10310
overview,United Kingdom,K02000001,2020-03-21,1194,8935
overview,United Kingdom,K02000001,2020-03-20,1254,7741
overview,United Kingdom,K02000001,2020-03-19,1051,6487
overview,United Kingdom,K02000001,2020-03-18,997,5436
overview,United Kingdom,K02000001,2020-03-17,768,4439
overview,United Kingdom,K02000001,2020-03-16,611,3671
overview,United Kingdom,K02000001,2020-03-15,442,3060
overview,United Kingdom,K02000001,2020-03-14,363,2618
overview,United Kingdom,K02000001,2020-03-13,480,2255
overview,United Kingdom,K02000001,2020-03-12,481,1775
overview,United Kingdom,K02000001,2020-03-11,405,1294
overview,United Kingdom,K02000001,2020-03-10,265,889
overview,United Kingdom,K02000001,2020-03-09,147,624
overview,United Kingdom,K02000001,2020-03-08,57,477
overview,United Kingdom,K02000001,2020-03-07,68,420
overview,United Kingdom,K02000001,2020-03-06,81,352
overview,United Kingdom,K02000001,2020-03-05,50,271
overview,United Kingdom,K02000001,2020-03-04,56,221
overview,United Kingdom,K02000001,2020-03-03,57,165
overview,United Kingdom,K02000001,2020-03-02,39,108
overview,United Kingdom,K02000001,2020-03-01,22,69
overview,United Kingdom,K02000001,2020-02-29,5,47
overview,United Kingdom,K02000001,2020-02-28,12,42
overview,United Kingdom,K02000001,2020-02-27,8,30
overview,United Kingdom,K02000001,2020-02-26,4,22
overview,United Kingdom,K02000001,2020-02-25,5,18
overview,United Kingdom,K02000001,2020-02-24,2,13
overview,United Kingdom,K02000001,2020-02-23,1,11
overview,United Kingdom,K02000001,2020-02-22,0,10
overview,United Kingdom,K02000001,2020-02-21,1,10
overview,United Kingdom,K02000001,2020-02-20,0,9
overview,United Kingdom,K02000001,2020-02-19,0,9
overview,United Kingdom,K02000001,2020-02-18,0,9
overview,United Kingdom,K02000001,2020-02-17,0,9
overview,United Kingdom,K02000001,2020-02-16,0,9
overview,United Kingdom,K02000001,2020-02-15,0,9
overview,United Kingdom,K02000001,2020-02-14,0,9
overview,United Kingdom,K02000001,2020-02-13,0,9
overview,United Kingdom,K02000001,2020-02-12,0,9
overview,United Kingdom,K02000001,2020-02-11,1,9
overview,United Kingdom,K02000001,2020-02-10,0,8
overview,United Kingdom,K02000001,2020-02-09,1,8
overview,United Kingdom,K02000001,2020-02-08,4,7
overview,United Kingdom,K02000001,2020-02-07,0,3
overview,United Kingdom,K02000001,2020-02-06,0,3
overview,United Kingdom,K02000001,2020-02-05,1,3
overview,United Kingdom,K02000001,2020-02-04,0,2
overview,United Kingdom,K02000001,2020-02-03,0,2
overview,United Kingdom,K02000001,2020-02-02,0,2
overview,United Kingdom,K02000001,2020-02-01,0,2
overview,United Kingdom,K02000001,2020-01-31,0,2
overview,United Kingdom,K02000001,2020-01-30,2,2
